00000000 0000000000000000 0000000000000101 0000000000000000 0000000000000000 0000000000000000 0000000000000000 0000000000000000 0000000000000000
1 1001001000000001
00000001 0000000000000000 0000000000000101 0000000000000001 0000000000000000 0000000000000000 0000000000000000 0000000000000000 0000000000000000
2 1010001100011110
00000010 0000000000000000 0000000000000101 0000000000000001 0000000000000000 0000000000000000 0000000000000000 0000000000000000 0000000000000000
3 1000000011010011
00000011 0000000000000000 0000000000000101 0000000000000001 0000000000000001 0000000000000000 0000000000000000 0000000000000000 0000000000000000
4 1010101100011110
00000100 0000000000000000 0000000000000101 0000000000000001 0000000000000001 0000000000000000 0000000000000000 0000000000000000 0000000000000000
5 1010010000011011
00000101 0000000000000000 0000000000000101 0000000000000001 0000000000000001 0000000000000000 0000000000000000 0000000000000000 0000000000000000
6 1010010100011100
00000110 0000000000000000 0000000000000101 0000000000000001 0000000000000001 0000000000000000 0000000000000000 0000000000000000 0000000000000000
7 1010011000011101
00000111 0000000000000000 0000000000000101 0000000000000001 0000000000000001 0000000000000000 0000000000000000 0000000000000000 0000000000000000
8 1010010000011000
00001000 0000000000000000 0000000000000101 0000000000000001 0000000000000001 0000000000000000 0000000000000000 0000000000000000 0000000000000000
9 1010010100011001
00001001 0000000000000000 0000000000000101 0000000000000001 0000000000000001 0000000000000000 0000000000000000 0000000000000000 0000000000000000
10 1010011000011010
00001010 0000000000000000 0000000000000101 0000000000000001 0000000000000001 0000000000000000 0000000000000000 0000000000000000 0000000000000000
11 1000000100010100
00001011 0000000000000000 0000000000000101 0000000000000001 0000000000000001 0000000000000001 0000000000000000 0000000000000000 0000000000000000
12 1000000101100101
00001100 0000000000000000 0000000000000101 0000000000000001 0000000000000001 0000000000000001 0000000000000001 0000000000000000 0000000000000000
13 1000000110101110
00001101 0000000000000000 0000000000000101 0000000000000001 0000000000000001 0000000000000001 0000000000000001 0000000000000001 0000000000000000
14 1010110000011010
00001110 0000000000000000 0000000000000101 0000000000000001 0000000000000001 0000000000000001 0000000000000001 0000000000000001 0000000000000000
15 1010110100011001
00001111 0000000000000000 0000000000000101 0000000000000001 0000000000000001 0000000000000001 0000000000000001 0000000000000001 0000000000000000
16 1010111000011000
00010000 0000000000000000 0000000000000101 0000000000000001 0000000000000001 0000000000000001 0000000000000001 0000000000000001 0000000000000000
17 1010110000011101
00010001 0000000000000000 0000000000000101 0000000000000001 0000000000000001 0000000000000001 0000000000000001 0000000000000001 0000000000000000
18 1010110100011100
00010010 0000000000000000 0000000000000101 0000000000000001 0000000000000001 0000000000000001 0000000000000001 0000000000000001 0000000000000000
19 1010111000011011
00010011 0000000000000000 0000000000000101 0000000000000001 0000000000000001 0000000000000001 0000000000000001 0000000000000001 0000000000000000
20 1111000000011001
00010100 0000000000000000 0000000000000101 0000000000000001 0000000000000001 0000000000000001 0000000000000001 0000000000000001 0000000000000100
21 0110100000010111
00010101 0000000000000000 0000000000000101 0000000000000001 0000000000000001 0000000000000001 0000000000000001 0000000000000001 0000000000000000
22 1111100000000010
00010110 0000000000000000 0000000000000101 0000000000000001 0000000000000001 0000000000000001 0000000000000001 0000000000000001 0000000000000000
2 1010001100011110
00000010 0000000000000000 0000000000000101 0000000000000001 0000000000000001 0000000000000001 0000000000000001 0000000000000001 0000000000000000
3 1000000011010011
00000011 0000000000000000 0000000000000101 0000000000000001 0000000000000010 0000000000000001 0000000000000001 0000000000000001 0000000000000000
4 1010101100011110
00000100 0000000000000000 0000000000000101 0000000000000001 0000000000000010 0000000000000001 0000000000000001 0000000000000001 0000000000000000
5 1010010000011011
00000101 0000000000000000 0000000000000101 0000000000000001 0000000000000010 0000000000000001 0000000000000001 0000000000000001 0000000000000000
6 1010010100011100
00000110 0000000000000000 0000000000000101 0000000000000001 0000000000000010 0000000000000001 0000000000000001 0000000000000001 0000000000000000
7 1010011000011101
00000111 0000000000000000 0000000000000101 0000000000000001 0000000000000010 0000000000000001 0000000000000001 0000000000000001 0000000000000000
8 1010010000011000
00001000 0000000000000000 0000000000000101 0000000000000001 0000000000000010 0000000000000001 0000000000000001 0000000000000001 0000000000000000
9 1010010100011001
00001001 0000000000000000 0000000000000101 0000000000000001 0000000000000010 0000000000000001 0000000000000001 0000000000000001 0000000000000000
10 1010011000011010
00001010 0000000000000000 0000000000000101 0000000000000001 0000000000000010 0000000000000001 0000000000000001 0000000000000001 0000000000000000
11 1000000100010100
00001011 0000000000000000 0000000000000101 0000000000000001 0000000000000010 0000000000000010 0000000000000001 0000000000000001 0000000000000000
12 1000000101100101
00001100 0000000000000000 0000000000000101 0000000000000001 0000000000000010 0000000000000010 0000000000000011 0000000000000001 0000000000000000
13 1000000110101110
00001101 0000000000000000 0000000000000101 0000000000000001 0000000000000010 0000000000000010 0000000000000011 0000000000000100 0000000000000000
14 1010110000011010
00001110 0000000000000000 0000000000000101 0000000000000001 0000000000000010 0000000000000010 0000000000000011 0000000000000100 0000000000000000
15 1010110100011001
00001111 0000000000000000 0000000000000101 0000000000000001 0000000000000010 0000000000000010 0000000000000011 0000000000000100 0000000000000000
16 1010111000011000
00010000 0000000000000000 0000000000000101 0000000000000001 0000000000000010 0000000000000010 0000000000000011 0000000000000100 0000000000000000
17 1010110000011101
00010001 0000000000000000 0000000000000101 0000000000000001 0000000000000010 0000000000000010 0000000000000011 0000000000000100 0000000000000000
18 1010110100011100
00010010 0000000000000000 0000000000000101 0000000000000001 0000000000000010 0000000000000010 0000000000000011 0000000000000100 0000000000000000
19 1010111000011011
00010011 0000000000000000 0000000000000101 0000000000000001 0000000000000010 0000000000000010 0000000000000011 0000000000000100 0000000000000000
20 1111000000011001
00010100 0000000000000000 0000000000000101 0000000000000001 0000000000000010 0000000000000010 0000000000000011 0000000000000100 0000000000000100
21 0110100000010111
00010101 0000000000000000 0000000000000101 0000000000000001 0000000000000010 0000000000000010 0000000000000011 0000000000000100 0000000000000000
22 1111100000000010
00010110 0000000000000000 0000000000000101 0000000000000001 0000000000000010 0000000000000010 0000000000000011 0000000000000100 0000000000000000
2 1010001100011110
00000010 0000000000000000 0000000000000101 0000000000000001 0000000000000010 0000000000000010 0000000000000011 0000000000000100 0000000000000000
3 1000000011010011
00000011 0000000000000000 0000000000000101 0000000000000001 0000000000000011 0000000000000010 0000000000000011 0000000000000100 0000000000000000
4 1010101100011110
00000100 0000000000000000 0000000000000101 0000000000000001 0000000000000011 0000000000000010 0000000000000011 0000000000000100 0000000000000000
5 1010010000011011
00000101 0000000000000000 0000000000000101 0000000000000001 0000000000000011 0000000000000100 0000000000000011 0000000000000100 0000000000000000
6 1010010100011100
00000110 0000000000000000 0000000000000101 0000000000000001 0000000000000011 0000000000000100 0000000000000011 0000000000000100 0000000000000000
7 1010011000011101
00000111 0000000000000000 0000000000000101 0000000000000001 0000000000000011 0000000000000100 0000000000000011 0000000000000010 0000000000000000
8 1010010000011000
00001000 0000000000000000 0000000000000101 0000000000000001 0000000000000011 0000000000000100 0000000000000011 0000000000000010 0000000000000000
9 1010010100011001
00001001 0000000000000000 0000000000000101 0000000000000001 0000000000000011 0000000000000100 0000000000000011 0000000000000010 0000000000000000
10 1010011000011010
00001010 0000000000000000 0000000000000101 0000000000000001 0000000000000011 0000000000000100 0000000000000011 0000000000000010 0000000000000000
11 1000000100010100
00001011 0000000000000000 0000000000000101 0000000000000001 0000000000000011 0000000000000101 0000000000000011 0000000000000010 0000000000000000
12 1000000101100101
00001100 0000000000000000 0000000000000101 0000000000000001 0000000000000011 0000000000000101 0000000000001000 0000000000000010 0000000000000000
13 1000000110101110
00001101 0000000000000000 0000000000000101 0000000000000001 0000000000000011 0000000000000101 0000000000001000 0000000000001010 0000000000000000
14 1010110000011010
00001110 0000000000000000 0000000000000101 0000000000000001 0000000000000011 0000000000000101 0000000000001000 0000000000001010 0000000000000000
15 1010110100011001
00001111 0000000000000000 0000000000000101 0000000000000001 0000000000000011 0000000000000101 0000000000001000 0000000000001010 0000000000000000
16 1010111000011000
00010000 0000000000000000 0000000000000101 0000000000000001 0000000000000011 0000000000000101 0000000000001000 0000000000001010 0000000000000000
17 1010110000011101
00010001 0000000000000000 0000000000000101 0000000000000001 0000000000000011 0000000000000101 0000000000001000 0000000000001010 0000000000000000
18 1010110100011100
00010010 0000000000000000 0000000000000101 0000000000000001 0000000000000011 0000000000000101 0000000000001000 0000000000001010 0000000000000000
19 1010111000011011
00010011 0000000000000000 0000000000000101 0000000000000001 0000000000000011 0000000000000101 0000000000001000 0000000000001010 0000000000000000
20 1111000000011001
00010100 0000000000000000 0000000000000101 0000000000000001 0000000000000011 0000000000000101 0000000000001000 0000000000001010 0000000000000100
21 0110100000010111
00010101 0000000000000000 0000000000000101 0000000000000001 0000000000000011 0000000000000101 0000000000001000 0000000000001010 0000000000000000
22 1111100000000010
00010110 0000000000000000 0000000000000101 0000000000000001 0000000000000011 0000000000000101 0000000000001000 0000000000001010 0000000000000000
2 1010001100011110
00000010 0000000000000000 0000000000000101 0000000000000001 0000000000000011 0000000000000101 0000000000001000 0000000000001010 0000000000000000
3 1000000011010011
00000011 0000000000000000 0000000000000101 0000000000000001 0000000000000100 0000000000000101 0000000000001000 0000000000001010 0000000000000000
4 1010101100011110
00000100 0000000000000000 0000000000000101 0000000000000001 0000000000000100 0000000000000101 0000000000001000 0000000000001010 0000000000000000
5 1010010000011011
00000101 0000000000000000 0000000000000101 0000000000000001 0000000000000100 0000000000001010 0000000000001000 0000000000001010 0000000000000000
6 1010010100011100
00000110 0000000000000000 0000000000000101 0000000000000001 0000000000000100 0000000000001010 0000000000001000 0000000000001010 0000000000000000
7 1010011000011101
00000111 0000000000000000 0000000000000101 0000000000000001 0000000000000100 0000000000001010 0000000000001000 0000000000000101 0000000000000000
8 1010010000011000
00001000 0000000000000000 0000000000000101 0000000000000001 0000000000000100 0000000000001010 0000000000001000 0000000000000101 0000000000000000
9 1010010100011001
00001001 0000000000000000 0000000000000101 0000000000000001 0000000000000100 0000000000001010 0000000000001000 0000000000000101 0000000000000000
10 1010011000011010
00001010 0000000000000000 0000000000000101 0000000000000001 0000000000000100 0000000000001010 0000000000001000 0000000000000101 0000000000000000
11 1000000100010100
00001011 0000000000000000 0000000000000101 0000000000000001 0000000000000100 0000000000001011 0000000000001000 0000000000000101 0000000000000000
12 1000000101100101
00001100 0000000000000000 0000000000000101 0000000000000001 0000000000000100 0000000000001011 0000000000010011 0000000000000101 0000000000000000
13 1000000110101110
00001101 0000000000000000 0000000000000101 0000000000000001 0000000000000100 0000000000001011 0000000000010011 0000000000011000 0000000000000000
14 1010110000011010
00001110 0000000000000000 0000000000000101 0000000000000001 0000000000000100 0000000000001011 0000000000010011 0000000000011000 0000000000000000
15 1010110100011001
00001111 0000000000000000 0000000000000101 0000000000000001 0000000000000100 0000000000001011 0000000000010011 0000000000011000 0000000000000000
16 1010111000011000
00010000 0000000000000000 0000000000000101 0000000000000001 0000000000000100 0000000000001011 0000000000010011 0000000000011000 0000000000000000
17 1010110000011101
00010001 0000000000000000 0000000000000101 0000000000000001 0000000000000100 0000000000001011 0000000000010011 0000000000011000 0000000000000000
18 1010110100011100
00010010 0000000000000000 0000000000000101 0000000000000001 0000000000000100 0000000000001011 0000000000010011 0000000000011000 0000000000000000
19 1010111000011011
00010011 0000000000000000 0000000000000101 0000000000000001 0000000000000100 0000000000001011 0000000000010011 0000000000011000 0000000000000000
20 1111000000011001
00010100 0000000000000000 0000000000000101 0000000000000001 0000000000000100 0000000000001011 0000000000010011 0000000000011000 0000000000000100
21 0110100000010111
00010101 0000000000000000 0000000000000101 0000000000000001 0000000000000100 0000000000001011 0000000000010011 0000000000011000 0000000000000000
22 1111100000000010
00010110 0000000000000000 0000000000000101 0000000000000001 0000000000000100 0000000000001011 0000000000010011 0000000000011000 0000000000000000
2 1010001100011110
00000010 0000000000000000 0000000000000101 0000000000000001 0000000000000100 0000000000001011 0000000000010011 0000000000011000 0000000000000000
3 1000000011010011
00000011 0000000000000000 0000000000000101 0000000000000001 0000000000000101 0000000000001011 0000000000010011 0000000000011000 0000000000000000
4 1010101100011110
00000100 0000000000000000 0000000000000101 0000000000000001 0000000000000101 0000000000001011 0000000000010011 0000000000011000 0000000000000000
5 1010010000011011
00000101 0000000000000000 0000000000000101 0000000000000001 0000000000000101 0000000000011000 0000000000010011 0000000000011000 0000000000000000
6 1010010100011100
00000110 0000000000000000 0000000000000101 0000000000000001 0000000000000101 0000000000011000 0000000000010011 0000000000011000 0000000000000000
7 1010011000011101
00000111 0000000000000000 0000000000000101 0000000000000001 0000000000000101 0000000000011000 0000000000010011 0000000000001011 0000000000000000
8 1010010000011000
00001000 0000000000000000 0000000000000101 0000000000000001 0000000000000101 0000000000011000 0000000000010011 0000000000001011 0000000000000000
9 1010010100011001
00001001 0000000000000000 0000000000000101 0000000000000001 0000000000000101 0000000000011000 0000000000010011 0000000000001011 0000000000000000
10 1010011000011010
00001010 0000000000000000 0000000000000101 0000000000000001 0000000000000101 0000000000011000 0000000000010011 0000000000001011 0000000000000000
11 1000000100010100
00001011 0000000000000000 0000000000000101 0000000000000001 0000000000000101 0000000000011001 0000000000010011 0000000000001011 0000000000000000
12 1000000101100101
00001100 0000000000000000 0000000000000101 0000000000000001 0000000000000101 0000000000011001 0000000000101100 0000000000001011 0000000000000000
13 1000000110101110
00001101 0000000000000000 0000000000000101 0000000000000001 0000000000000101 0000000000011001 0000000000101100 0000000000110111 0000000000000000
14 1010110000011010
00001110 0000000000000000 0000000000000101 0000000000000001 0000000000000101 0000000000011001 0000000000101100 0000000000110111 0000000000000000
15 1010110100011001
00001111 0000000000000000 0000000000000101 0000000000000001 0000000000000101 0000000000011001 0000000000101100 0000000000110111 0000000000000000
16 1010111000011000
00010000 0000000000000000 0000000000000101 0000000000000001 0000000000000101 0000000000011001 0000000000101100 0000000000110111 0000000000000000
17 1010110000011101
00010001 0000000000000000 0000000000000101 0000000000000001 0000000000000101 0000000000011001 0000000000101100 0000000000110111 0000000000000000
18 1010110100011100
00010010 0000000000000000 0000000000000101 0000000000000001 0000000000000101 0000000000011001 0000000000101100 0000000000110111 0000000000000000
19 1010111000011011
00010011 0000000000000000 0000000000000101 0000000000000001 0000000000000101 0000000000011001 0000000000101100 0000000000110111 0000000000000000
20 1111000000011001
00010100 0000000000000000 0000000000000101 0000000000000001 0000000000000101 0000000000011001 0000000000101100 0000000000110111 0000000000000001
21 0110100000010111
00010101 0000000000000000 0000000000000101 0000000000000001 0000000000000101 0000000000011001 0000000000101100 0000000000110111 0000000000000000
22 1111100000000010
00010110 0000000000000000 0000000000000101 0000000000000001 0000000000000101 0000000000011001 0000000000101100 0000000000110111 0000000000000000
2 1010001100011110
00000010 0000000000000000 0000000000000101 0000000000000001 0000000000000101 0000000000011001 0000000000101100 0000000000110111 0000000000000000
3 1000000011010011
00000011 0000000000000000 0000000000000101 0000000000000001 0000000000000110 0000000000011001 0000000000101100 0000000000110111 0000000000000000
4 1010101100011110
00000100 0000000000000000 0000000000000101 0000000000000001 0000000000000110 0000000000011001 0000000000101100 0000000000110111 0000000000000000
5 1010010000011011
00000101 0000000000000000 0000000000000101 0000000000000001 0000000000000110 0000000000110111 0000000000101100 0000000000110111 0000000000000000
6 1010010100011100
00000110 0000000000000000 0000000000000101 0000000000000001 0000000000000110 0000000000110111 0000000000101100 0000000000110111 0000000000000000
7 1010011000011101
00000111 0000000000000000 0000000000000101 0000000000000001 0000000000000110 0000000000110111 0000000000101100 0000000000011001 0000000000000000
8 1010010000011000
00001000 0000000000000000 0000000000000101 0000000000000001 0000000000000110 0000000000110111 0000000000101100 0000000000011001 0000000000000000
9 1010010100011001
00001001 0000000000000000 0000000000000101 0000000000000001 0000000000000110 0000000000110111 0000000000101100 0000000000011001 0000000000000000
10 1010011000011010
00001010 0000000000000000 0000000000000101 0000000000000001 0000000000000110 0000000000110111 0000000000101100 0000000000011001 0000000000000000
11 1000000100010100
00001011 0000000000000000 0000000000000101 0000000000000001 0000000000000110 0000000000111000 0000000000101100 0000000000011001 0000000000000000
12 1000000101100101
00001100 0000000000000000 0000000000000101 0000000000000001 0000000000000110 0000000000111000 0000000001100100 0000000000011001 0000000000000000
13 1000000110101110
00001101 0000000000000000 0000000000000101 0000000000000001 0000000000000110 0000000000111000 0000000001100100 0000000001111101 0000000000000000
14 1010110000011010
00001110 0000000000000000 0000000000000101 0000000000000001 0000000000000110 0000000000111000 0000000001100100 0000000001111101 0000000000000000
15 1010110100011001
00001111 0000000000000000 0000000000000101 0000000000000001 0000000000000110 0000000000111000 0000000001100100 0000000001111101 0000000000000000
16 1010111000011000
00010000 0000000000000000 0000000000000101 0000000000000001 0000000000000110 0000000000111000 0000000001100100 0000000001111101 0000000000000000
17 1010110000011101
00010001 0000000000000000 0000000000000101 0000000000000001 0000000000000110 0000000000111000 0000000001100100 0000000001111101 0000000000000000
18 1010110100011100
00010010 0000000000000000 0000000000000101 0000000000000001 0000000000000110 0000000000111000 0000000001100100 0000000001111101 0000000000000000
19 1010111000011011
00010011 0000000000000000 0000000000000101 0000000000000001 0000000000000110 0000000000111000 0000000001100100 0000000001111101 0000000000000000
20 1111000000011001
00010100 0000000000000000 0000000000000101 0000000000000001 0000000000000110 0000000000111000 0000000001100100 0000000001111101 0000000000000010
21 0110100000010111
00010101 0000000000000000 0000000000000101 0000000000000001 0000000000000110 0000000000111000 0000000001100100 0000000001111101 0000000000000000
23 0101000000000000
00010111 0000000000000000 0000000000000101 0000000000000001 0000000000000110 0000000000111000 0000000001100100 0000000001111101 0000000000000000
24 0000000001111101
1001000100000101
1001001000000001
1010001100011110
1000000011010011
1010101100011110
1010010000011011
1010010100011100
1010011000011101
1010010000011000
1010010100011001
1010011000011010
1000000100010100
1000000101100101
1000000110101110
1010110000011010
1010110100011001
1010111000011000
1010110000011101
1010110100011100
1010111000011011
1111000000011001
0110100000010111
1111100000000010
0101000000000000
0000000001111101
0000000001100100
0000000000111000
0000000001111101
0000000001100100
0000000000111000
0000000000000110
0000000000000000
0000000000000000
0000000000000000
0000000000000000
0000000000000000
0000000000000000
0000000000000000
0000000000000000
0000000000000000
0000000000000000
0000000000000000
0000000000000000
0000000000000000
0000000000000000
0000000000000000
0000000000000000
0000000000000000
0000000000000000
0000000000000000
0000000000000000
0000000000000000
0000000000000000
0000000000000000
0000000000000000
0000000000000000
0000000000000000
0000000000000000
0000000000000000
0000000000000000
0000000000000000
0000000000000000
0000000000000000
0000000000000000
0000000000000000
0000000000000000
0000000000000000
0000000000000000
0000000000000000
0000000000000000
0000000000000000
0000000000000000
0000000000000000
0000000000000000
0000000000000000
0000000000000000
0000000000000000
0000000000000000
0000000000000000
0000000000000000
0000000000000000
0000000000000000
0000000000000000
0000000000000000
0000000000000000
0000000000000000
0000000000000000
0000000000000000
0000000000000000
0000000000000000
0000000000000000
0000000000000000
0000000000000000
0000000000000000
0000000000000000
0000000000000000
0000000000000000
0000000000000000
0000000000000000
0000000000000000
0000000000000000
0000000000000000
0000000000000000
0000000000000000
0000000000000000
0000000000000000
0000000000000000
0000000000000000
0000000000000000
0000000000000000
0000000000000000
0000000000000000
0000000000000000
0000000000000000
0000000000000000
0000000000000000
0000000000000000
0000000000000000
0000000000000000
0000000000000000
0000000000000000
0000000000000000
0000000000000000
0000000000000000
0000000000000000
0000000000000000
0000000000000000
0000000000000000
0000000000000000
0000000000000000
0000000000000000
0000000000000000
0000000000000000
0000000000000000
0000000000000000
0000000000000000
0000000000000000
0000000000000000
0000000000000000
0000000000000000
0000000000000000
0000000000000000
0000000000000000
0000000000000000
0000000000000000
0000000000000000
0000000000000000
0000000000000000
0000000000000000
0000000000000000
0000000000000000
0000000000000000
0000000000000000
0000000000000000
0000000000000000
0000000000000000
0000000000000000
0000000000000000
0000000000000000
0000000000000000
0000000000000000
0000000000000000
0000000000000000
0000000000000000
0000000000000000
0000000000000000
0000000000000000
0000000000000000
0000000000000000
0000000000000000
0000000000000000
0000000000000000
0000000000000000
0000000000000000
0000000000000000
0000000000000000
0000000000000000
0000000000000000
0000000000000000
0000000000000000
0000000000000000
0000000000000000
0000000000000000
0000000000000000
0000000000000000
0000000000000000
0000000000000000
0000000000000000
0000000000000000
0000000000000000
0000000000000000
0000000000000000
0000000000000000
0000000000000000
0000000000000000
0000000000000000
0000000000000000
0000000000000000
0000000000000000
0000000000000000
0000000000000000
0000000000000000
0000000000000000
0000000000000000
0000000000000000
0000000000000000
0000000000000000
0000000000000000
0000000000000000
0000000000000000
0000000000000000
0000000000000000
0000000000000000
0000000000000000
0000000000000000
0000000000000000
0000000000000000
0000000000000000
0000000000000000
0000000000000000
0000000000000000
0000000000000000
0000000000000000
0000000000000000
0000000000000000
0000000000000000
0000000000000000
0000000000000000
0000000000000000
0000000000000000
0000000000000000
0000000000000000
0000000000000000
0000000000000000
0000000000000000
0000000000000000
0000000000000000
0000000000000000
0000000000000000
0000000000000000
0000000000000000
0000000000000000
0000000000000000
0000000000000000
0000000000000000
0000000000000000
0000000000000000
0000000000000000
0000000000000000
0000000000000000
0000000000000000
0000000000000000
0000000000000000
0000000000000000
0000000000000000
0000000000000000
0000000000000000